#21. Calculate the below operation.

m21_1 <- matrix(c(2,3,5,7),2,2)
m21_2 <- matrix(c(5,15,10,20),2,2)
result21 <- 3 * (m21_1 - m21_2)
result21
